50
4
2 4 1 7
0 9 6 11
5 3 8 10
12 13 14 15
4
1 5 7 0
4 9 3 2
12 8 13 11
14 10 15 6
4
5 4 2 3
0 1 9 7
8 13 10 6
12 14 11 15
4
0 4 1 2
8 5 6 3
9 14 11 7
12 10 13 15
4
4 0 1 3
5 6 2 11
8 9 14 10
12 13 15 7
4
4 2 6 3
8 1 7 11
9 5 14 10
12 0 13 15
4
1 2 6 3
4 9 5 11
7 14 15 13
8 12 0 10
4
1 6 3 0
4 2 5 11
8 14 7 10
12 9 13 15
4
2 5 7 6
4 9 1 3
8 0 10 11
12 13 14 15
4
4 1 2 0
5 6 7 3
12 8 10 9
13 14 15 11
4
12 4 3 7
0 1 5 2
6 8 14 11
10 13 9 15
4
4 1 3 7
5 6 11 0
9 12 2 10
8 13 14 15
4
4 6 1 3
0 9 8 7
13 11 2 15
5 12 14 10
4
1 5 2 3
4 9 6 7
0 13 10 11
8 12 14 15
4
5 2 6 3
4 0 1 11
9 8 7 15
12 13 10 14
4
1 5 2 3
4 6 10 7
8 13 0 9
12 14 15 11
4
4 2 6 3
5 1 10 7
8 9 11 15
12 13 0 14
4
1 6 7 10
4 2 3 11
8 0 5 9
12 13 14 15
4
2 4 6 3
1 5 14 10
12 8 15 7
9 13 0 11
4
1 9 2 3
4 5 14 7
8 13 6 11
12 15 10 0
4
4 1 2 3
5 9 11 0
13 10 7 6
8 12 14 15
4
6 8 5 3
1 10 0 7
12 2 4 11
13 9 14 15
4
2 3 6 7
1 5 11 10
4 8 9 15
12 0 13 14
4
4 1 3 11
12 8 14 2
7 0 5 6
13 10 9 15
4
5 4 10 2
1 6 14 3
8 9 15 7
12 13 11 0
4
4 10 11 3
5 1 2 7
8 13 9 14
12 0 15 6
4
1 0 2 3
9 4 6 7
13 5 10 11
8 12 14 15
4
1 0 3 11
8 6 5 10
12 4 9 7
13 2 14 15
4
1 0 7 2
4 5 6 3
8 9 10 11
12 13 14 15
4
1 5 2 3
0 8 4 9
12 6 11 7
13 10 14 15
4
1 2 7 6
4 9 10 3
5 0 8 11
12 13 14 15
4
1 5 2 3
4 9 14 6
8 15 7 11
12 10 0 13
4
0 1 2 3
4 5 6 7
13 9 10 15
8 12 11 14
4
2 3 7 11
1 4 5 0
8 13 15 10
12 14 6 9
4
8 4 2 3
0 5 9 7
13 1 6 11
14 12 10 15
4
1 2 7 11
5 6 9 3
4 8 15 14
12 0 13 10
4
4 2 6 3
8 1 13 7
9 0 5 11
12 14 10 15
4
4 1 2 3
8 6 7 11
12 5 9 15
13 14 10 0
4
1 5 2 3
0 6 11 10
4 8 9 15
12 13 7 14
4
4 6 1 3
5 9 2 7
12 10 11 15
13 8 14 0
4
5 4 6 7
0 2 3 1
8 9 10 11
12 13 14 15
4
2 3 8 7
1 4 11 10
9 5 14 6
12 13 15 0
4
6 5 1 7
8 4 3 2
9 0 13 11
12 14 10 15
4
1 5 2 3
4 10 11 14
8 6 13 0
12 9 15 7
4
4 1 2 3
5 9 6 7
12 8 11 15
13 14 0 10
4
1 5 0 2
4 10 6 3
8 11 9 7
12 13 14 15
4
12 6 1 3
4 9 2 7
5 0 8 11
13 14 10 15
4
5 2 6 3
1 4 14 10
8 9 11 15
0 12 13 7
4
4 0 2 3
9 1 6 7
5 8 10 15
12 13 11 14
4
4 1 2 3
8 6 7 11
9 5 10 15
12 13 14 0
